5 5 10
row col rc  b0    e0     b1    e1     l0     l1
1   2   1   0     13096  4626  17732  15401  17732
1   3   0   0     10510  4985  15495  15401  15495
2   3   1   2536  17732  0     15186  17732  15495
1   4   1   0     8762   5160  13992  15401  13992
2   4   0   4286  17732  0     13540  17732  13992
3   4   1   0     13798  93    13992  15495  13992
1   5   1   0     6976   7780  14774  15401  14774
2   5   0   6074  17732  0     11692  17732  14774
3   5   1   0     12009  2722  14774  15495  14774
4   5   0   1751  13992  0     12196  13992  14774
