78  78  279
row col rc   b0     e0     b1     e1     l0     l1
2   4   0    0      7258   7773   15017  13268  15017
1   7   0    0      12619  4665   17317  16814  17317
3   8   1    0      9400   4302   13703  14922  13703
3   9   0    6595   14922  0      8331   14922  15789
3   11  0    0      7202   8019   15219  14922  15219
8   11  1    2149   13703  0      11543  13703  15219
1   12  0    0      7582   8471   16070  16814  16070
7   12  0    0      12323  3751   16070  17317  16070
2   13  0    2789   13268  0      10473  13268  16702
5   13  1    5247   15108  0      9862   15108  16702
10  14  0    4467   14902  0      10459  14902  17751
3   15  0    0      5921   11136  17054  14922  17054
8   15  1    3429   13703  0      10268  13703  17054
11  15  0    0      13989  3059   17054  15219  17054
7   18  1    0      9746   5937   15704  17317  15704
10  18  0    0      12494  3176   15704  14902  15704
12  18  1    0      13544  2133   15704  16070  15704
2   19  1    0      11205  4241   15444  13268  15444
4   19  1    3496   15017  0      11546  15017  15444
13  19  1    0      8361   7079   15444  16702  15444
14  20  1    6503   17751  0      10994  17751  15249
9   21  1    0      14355  621    14997  15789  14997
2   23  1    0      10924  5432   16372  13268  16372
4   23  1    2302   15017  0      12756  15017  16372
19  23  0    231    15444  0      15231  15444  16372
14  24  1    0      11534  3877   16045  17751  16045
16  24  1    1133   16528  0      15397  16528  16045
3   25  0    0      7716   7271   15009  14922  15009
8   25  1    1636   13703  0      12083  13703  15009
11  25  0    701    15219  0      14544  15219  15009
15  25  0    3811   17054  0      13264  17054  15009
4   27  1    0      6831   8979   15840  15017  15840
6   27  0    0      9584   6250   15840  17574  15840
1   28  0    4782   16814  0      12039  16814  15593
7   28  0    9519   17317  0      7802   17317  15593
1   29  1    0      10974  5124   16129  16814  16129
7   29  1    0      15725  406    16129  17317  16129
12  29  1    3296   16070  0      12775  16070  16129
18  29  0    0      10222  5930   16129  15704  16129
28  29  1    0      6157   9972   16129  15593  16129
2   30  1    0      5593   9174   14788  13268  14788
4   30  1    0      13405  1345   14788  15017  14788
19  30  0    5562   15444  0      9895   15444  14788
23  30  0    5279   16372  0      11084  16372  14788
27  30  0    0      8265   6555   14788  15840  14788
3   31  0    0      8700   5598   14301  14922  14301
8   31  1    652    13703  0      13076  13703  14301
11  31  0    2403   15219  0      12875  15219  14301
15  31  0    5514   17054  0      11590  17054  14301
25  31  0    1652   15009  0      13390  15009  14301
10  32  1    3461   14902  0      11468  14902  17732
14  32  1    0      16792  959    17732  17751  17732
14  33  1    0      15958  273    16787  17751  16787
16  33  1    4802   16528  0      11725  16528  16787
20  33  0    6096   15249  0      9145   15249  16787
24  33  0    0      12425  4364   16787  16045  16787
2   34  1    5067   13268  0      8204   13268  18931
5   34  0    745    15108  0      14363  15108  18931
13  34  1    2227   16702  0      14480  16702  18931
1   35  1    3277   16814  0      13551  16814  16677
7   35  1    8007   17317  0      9308   17317  16677
28  35  1    0      15214  1459   16677  15593  16677
29  35  0    0      7666   9013   16677  16129  16677
14  36  1    12007  17751  0      5740   17751  17595
20  36  0    0      10047  7551   17595  15249  17595
3   37  1    1685   14922  0      13232  14922  15732
9   37  1    0      10880  4857   15732  15789  15732
11  37  1    9754   15219  0      5464   15219  15732
21  37  0    3437   14997  0      11547  14997  15732
2   38  0    893    13268  0      12373  13268  13176
4   38  0    8714   15017  0      6311   15017  13176
13  38  0    0      11332  1850   13176  16702  13176
19  38  1    0      10261  2920   13176  15444  13176
23  38  1    0      9997   3201   13176  16372  13176
34  38  1    9868   18931  0      9052   18931  13176
14  39  0    8224   17751  0      9267   17751  14493
20  39  1    0      13560  926    14493  15249  14493
33  39  1    0      7409   7071   14493  16787  14493
36  39  1    6588   17595  0      11018  17595  14493
1   40  1    6150   16814  0      10378  16814  14770
28  40  1    1326   15593  0      13980  15593  14770
35  40  0    0      13847  1219   14770  16677  14770
3   41  0    6077   14922  0      8840   14922  15563
9   41  0    0      15111  467    15563  15789  15563
21  41  1    0      14893  705    15563  14997  15563
37  41  1    0      11393  4180   15563  15732  15563
2   42  1    0      9689   6711   16399  13268  16399
4   42  1    1024   15017  0      14018  15017  16399
13  42  1    0      6846   9549   16399  16702  16399
19  42  0    1466   15444  0      13979  15444  16399
23  42  0    1183   16372  0      15170  16372  16399
27  42  0    0      5780   10633  16399  15840  16399
30  42  0    0      12362  4046   16399  14788  16399
38  42  1    0      8743   7654   16399  13176  16399
4   43  1    0      12619  4978   17615  15017  17615
6   43  0    0      5597   12031  17615  17574  17615
19  43  0    6351   15444  0      9092   15444  17615
23  43  0    6068   16372  0      10285  16372  17615
27  43  0    0      11904  5745   17615  15840  17615
30  43  0    743    14788  0      14030  14788  17615
42  43  0    4837   16399  0      11561  16399  17615
14  44  0    3474   17751  0      13948  17751  16919
16  44  0    9539   16528  0      6989   16528  16919
20  44  1    1238   15249  0      14016  15249  16919
24  44  1    0      7690   9234   16919  16045  16919
33  44  1    0      12094  4812   16919  16787  16919
36  44  1    8836   17595  0      8762   17595  16919
39  44  0    0      12278  4643   16919  14493  16919
3   45  1    0      13649  1467   15119  14922  15119
8   45  0    0      10919  4201   15119  13703  15119
11  45  1    6500   15219  0      8718   15219  15119
15  45  1    9615   17054  0      7437   17054  15119
21  45  0    7314   14997  0      7680   14997  15119
31  45  1    4076   14301  0      10218  14301  15119
6   47  1    0      13391  2829   16217  17574  16217
27  47  1    3363   15840  0      12450  15840  16217
43  47  1    9152   17615  0      8468   17615  16217
1   48  0    352    16814  0      16458  16814  16528
7   48  0    5073   17317  0      12219  17317  16528
12  48  0    8877   16070  0      7178   16070  16528
28  48  0    0      12161  4384   16528  15593  16528
29  48  1    0      10599  5951   16528  16129  16528
35  48  1    3006   16677  0      13650  16677  16528
40  48  1    4271   14770  0      11051  14770  16528
8   50  1    0      11687  2850   14553  13703  14553
11  50  0    5735   15219  0      9498   15219  14553
15  50  0    8848   17054  0      8215   17054  14553
25  50  0    4985   15009  0      10014  15009  14553
45  50  1    1308   15119  0      13837  15119  14553
4   51  1    0      9845   7867   17741  15017  17741
6   51  0    0      8490   9266   17741  17574  17741
19  51  0    9130   15444  0      6328   15444  17741
23  51  0    8866   16372  0      7516   16372  17741
27  51  0    0      14795  2971   17741  15840  17741
30  51  0    3544   14788  0      11270  14788  17741
42  51  0    7615   16399  0      8799   16399  17741
43  51  0    2726   17615  0      14900  17615  17741
47  51  1    4858   16217  0      11354  16217  17741
3   52  0    2714   14922  0      12212  14922  17515
9   52  0    0      13685  3825   17515  15789  17515
21  52  1    621    14997  0      14361  14997  17515
37  52  1    0      14754  2754   17515  15732  17515
41  52  0    0      14186  3307   17515  15563  17515
50  52  0    5002   14553  0      9521   14553  17515
2   53  1    3310   13268  0      9962   13268  17158
5   53  0    4346   15108  0      10826  15108  17158
13  53  1    471    16702  0      16305  16702  17158
19  53  0    0      7844   9304   17158  15444  17158
34  53  0    3550   18931  0      15449  18931  17158
38  53  1    2371   13176  0      10825  13176  17158
14  54  0    0      13508  3082   17221  17751  17221
16  54  0    1927   16528  0      14602  16528  17221
20  54  1    8545   15249  0      6707   15249  17221
24  54  1    0      15300  1921   17221  16045  17221
33  54  1    2389   16787  0      14396  16787  17221
44  54  0    0      9659   7561   17221  16919  17221
1   55  0    0      8568   5809   14397  16814  14397
7   55  0    0      13314  1096   14397  17317  14397
12  55  0    2609   16070  0      13458  16070  14397
18  55  1    0      10911  3517   14397  15704  14397
29  55  1    2362   16129  0      13758  16129  14397
35  55  1    11425  16677  0      5251   16677  14397
48  55  0    0      8165   6215   14397  16528  14397
10  57  0    8128   14902  0      6786   14902  15401
14  57  0    3613   17751  0      14579  17751  15401
32  57  1    0      13106  2305   15401  17732  15401
10  59  1    2957   14902  0      12046  14902  13992
14  59  1    0      12716  1464   13992  17751  13992
32  59  0    4286   17732  0      13540  17732  13992
57  59  1    0      8762   5160   13992  15401  13992
20  60  0    0      7117   8785   15908  15249  15908
36  60  0    0      14717  1177   15908  17595  15908
39  60  1    6402   14493  0      8087   14493  15908
44  60  1    11087  16919  0      5835   16919  15908
36  61  1    0      12991  3337   15646  17595  15646
60  61  1    0      14229  2107   15646  15908  15646
14  62  1    9491   17751  1      8075   17751  16510
20  62  0    0      12375  4129   16510  15249  16510
33  62  0    0      6222   10277  16510  16787  16510
36  62  0    3373   17595  0      14229  17595  16510
39  62  1    1144   14493  0      13344  14493  16510
44  62  1    5829   16919  0      11094  16919  16510
60  62  0    4601   15908  0      11299  15908  16510
61  62  1    0      8881   6940   16510  15646  16510
3   63  0    0      10402  2690   13094  14922  13094
8   63  1    0      12142  952    13094  13703  13094
11  63  0    5281   15219  0      9944   15219  13094
15  63  0    8394   17054  0      8664   17054  13094
25  63  0    4530   15009  0      10459  15009  13094
31  63  0    2844   14301  0      11443  14301  13094
45  63  1    3194   15119  0      11924  15119  13094
50  63  0    0      12707  404    13094  14553  13094
6   64  1    0      13061  4065   16680  17574  16680
27  64  1    2130   15840  0      13747  15840  16680
30  64  1    8725   14788  0      6069   14788  16680
43  64  1    7919   17615  0      10152  17615  16680
47  64  0    278    16217  0      15495  16217  16680
51  64  1    5147   17741  0      12700  17741  16680
6   65  1    7236   17574  0      10351  17574  16983
47  65  0    0      6112   10869  16983  16217  16983
1   66  0    0      16253  1723   18003  16814  18003
7   66  0    2891   17317  0      14419  17317  18003
12  66  0    6695   16070  0      9371   16070  18003
28  66  0    0      11430  6569   18003  15593  18003
29  66  1    0      12779  5230   18003  16129  18003
35  66  1    3736   16677  0      12942  16677  18003
40  66  1    5002   14770  0      10058  14770  18003
48  66  0    0      15848  2129   18003  16528  18003
55  66  0    4035   14397  0      10361  14397  18003
2   67  1    0      12717  571    13286  13268  13286
4   67  1    7155   15017  0      7878   15017  13286
13  67  1    0      9873   3415   13286  16702  13286
19  67  0    0      11822  1461   13286  15444  13286
23  67  0    0      11558  1742   13286  16372  13286
30  67  0    0      6228   7070   13286  14788  13286
34  67  0    11327  18931  0      7595   18931  13286
38  67  1    0      11773  1517   13286  13176  13286
42  67  0    0      10311  2976   13286  16399  13286
43  67  0    0      5423   7855   13286  17615  13286
53  67  0    7797   17158  0      9352   17158  13286
1   69  0    0      5167   10456  15628  16814  15628
7   69  0    0      9903   5736   15628  17317  15628
10  69  1    0      12299  3314   15628  14902  15628
12  69  0    0      13700  1936   15628  16070  15628
14  69  1    0      7796   7832   15628  17751  15628
18  69  1    0      15557  107    15628  15704  15628
29  69  1    5773   16129  0      10346  16129  15628
55  69  0    0      11037  4594   15628  14397  15628
66  69  0    0      6952   8679   15628  18003  15628
6   70  0    8742   17574  0      8939   17574  18061
65  70  1    0      15526  2385   18061  16983  18061
10  71  0    3101   14902  0      11820  14902  15495
14  71  0    0      14510  1317   15495  17751  15495
32  71  1    2536   17732  0      15186  17732  15495
57  71  0    0      10510  4985   15495  15401  15495
59  71  1    0      13899  1697   15495  13992  15495
6   72  1    12269  17574  0      5308   17574  15609
65  72  0    0      11992  3618   15609  16983  15609
70  72  1    3528   18061  0      14406  18061  15609
11  73  0    0      5966   11027  17002  15219  17002
15  73  0    0      9079   7917   17002  17054  17002
25  73  0    0      5216   11780  17002  15009  17002
6   74  1    0      16048  1503   17555  17574  17555
27  74  1    4690   15840  0      11125  15840  17555
43  74  1    10478  17615  0      7145   17615  17555
47  74  0    0      14942  2610   17555  16217  17555
51  74  1    7710   17741  0      10033  17741  17555
64  74  0    0      14171  2939   17555  16680  17555
65  74  0    8205   16983  0      8774   16983  17555
70  74  1    0      7353   10286  17555  18061  17555
3   75  0    5663   14922  0      9262   14922  14986
9   75  0    0      14108  882    14986  15789  14986
21  75  1    197    14997  0      14776  14997  14986
37  75  1    0      11807  3176   14986  15732  14986
41  75  0    0      14611  364    14986  15563  14986
52  75  0    2894   17515  0      14613  17515  14986
6   76  1    3310   17574  0      14318  17574  17564
27  76  1    9614   15840  0      6236   15840  17564
47  76  0    0      10033  7495   17564  16217  17564
51  76  1    12622  17741  0      5140   17741  17564
65  76  0    3361   16983  0      13682  16983  17564
70  76  1    0      12240  5395   17564  18061  17564
72  76  0    7029   15609  0      8622   15609  17564
74  76  0    0      12694  4825   17564  17555  17564
10  77  1    334    14902  0      14635  14902  14774
12  77  0    0      9948   4791   14774  16070  14774
14  77  1    0      10672  4093   14774  17751  14774
18  77  1    3558   15704  0      12165  15704  14774
32  77  0    6074   17732  0      11692  17732  14774
55  77  0    0      7285   7459   14774  14397  14774
57  77  1    0      6976   7780   14774  15401  14774
59  77  0    1751   13992  0      12196  13992  14774
69  77  0    0      11933  2805   14774  15628  14774
71  77  1    0      12009  2722   14774  15495  14774
11  78  0    0      8009   10258  18270  15219  18270
15  78  0    0      11125  7149   18270  17054  18270
25  78  0    0      7261   11012  18270  15009  18270
31  78  0    0      5588   12714  18270  14301  18270
73  78  0    718    17002  0      16276  17002  18270
